   1.0000000000                 -0.0000247025
   1.0015000000                 -0.0015112118
   1.0030000000                 -0.0030132160
   1.0045000000                 -0.0045180583
   1.0060000000                 -0.0060254060
   1.0075000000                 -0.0075351597
   1.0090000000                 -0.0090472789
   1.0105000000                 -0.0105617453
   1.0120000000                 -0.0120785507
   1.0135000000                 -0.0135976923
   1.0150000000                 -0.0151191707
   1.0165000000                 -0.0166429881
   1.0180000000                 -0.0181691481
   1.0195000000                 -0.0196976551
   1.0210000000                 -0.0212285142
   1.0225000000                 -0.0227617311
   1.0240000000                 -0.0242973115
   1.0255000000                 -0.0258352617
   1.0270000000                 -0.0273755881
   1.0285000000                 -0.0289182971
   1.0300000000                 -0.0304633956
   1.0315000000                 -0.0320108903
   1.0330000000                 -0.0335607883
   1.0345000000                 -0.0351130965
   1.0360000000                 -0.0366678221
   1.0375000000                 -0.0382249723
   1.0390000000                 -0.0397845543
   1.0405000000                 -0.0413465757
   1.0420000000                 -0.0429110436
   1.0435000000                 -0.0444779657
   1.0450000000                 -0.0460473494
   1.0465000000                 -0.0476192023
   1.0480000000                 -0.0491935321
   1.0495000000                 -0.0507703464
   1.0510000000                 -0.0523496529
   1.0525000000                 -0.0539314595
   1.0540000000                 -0.0555157739
   1.0555000000                 -0.0571026040
   1.0570000000                 -0.0586919577
   1.0585000000                 -0.0602838430
   1.0600000000                 -0.0618782679
   1.0615000000                 -0.0634752404
   1.0630000000                 -0.0650747686
   1.0645000000                 -0.0666768606
   1.0660000000                 -0.0682815246
   1.0675000000                 -0.0698887689
   1.0690000000                 -0.0714986016
   1.0705000000                 -0.0731110311
   1.0720000000                 -0.0747260658
   1.0735000000                 -0.0763437140
   1.0750000000                 -0.0779639841
   1.0765000000                 -0.0795868847
   1.0780000000                 -0.0812124242
   1.0795000000                 -0.0828406112
   1.0810000000                 -0.0844714543
   1.0825000000                 -0.0861049623
   1.0840000000                 -0.0877411436
   1.0855000000                 -0.0893800072
   1.0870000000                 -0.0910215617
   1.0885000000                 -0.0926658161
   1.0900000000                 -0.0943127791
   1.0915000000                 -0.0959624597
   1.0930000000                 -0.0976148669
   1.0945000000                 -0.0992700097
   1.0960000000                 -0.1009278970
   1.0975000000                 -0.1025885381
   1.0990000000                 -0.1042519421
   1.1005000000                 -0.1059181181
   1.1020000000                 -0.1075870753
   1.1035000000                 -0.1092588232
   1.1050000000                 -0.1109333710
   1.1065000000                 -0.1126107281
   1.1080000000                 -0.1142909038
   1.1095000000                 -0.1159739078
   1.1110000000                 -0.1176597495
   1.1125000000                 -0.1193484385
   1.1140000000                 -0.1210399844
   1.1155000000                 -0.1227343969
   1.1170000000                 -0.1244316857
   1.1185000000                 -0.1261318606
   1.1200000000                 -0.1278349313
   1.1215000000                 -0.1295409079
   1.1230000000                 -0.1312498001
   1.1245000000                 -0.1329616180
   1.1260000000                 -0.1346763716
   1.1275000000                 -0.1363940710
   1.1290000000                 -0.1381147263
   1.1305000000                 -0.1398383476
   1.1320000000                 -0.1415649453
   1.1335000000                 -0.1432945296
   1.1350000000                 -0.1450271108
   1.1365000000                 -0.1467626994
   1.1380000000                 -0.1485013058
   1.1395000000                 -0.1502429405
   1.1410000000                 -0.1519876141
   1.1425000000                 -0.1537353371
   1.1440000000                 -0.1554861203
   1.1455000000                 -0.1572399744
   1.1470000000                 -0.1589969102
   1.1485000000                 -0.1607569384
   1.1500000000                 -0.1625200701
   1.1515000000                 -0.1642863162
   1.1530000000                 -0.1660556876
   1.1545000000                 -0.1678281956
   1.1560000000                 -0.1696038511
   1.1575000000                 -0.1713826654
   1.1590000000                 -0.1731646498
   1.1605000000                 -0.1749498155
   1.1620000000                 -0.1767381740
   1.1635000000                 -0.1785297366
   1.1650000000                 -0.1803245149
   1.1665000000                 -0.1821225205
   1.1680000000                 -0.1839237649
   1.1695000000                 -0.1857282598
   1.1710000000                 -0.1875360170
   1.1725000000                 -0.1893470484
   1.1740000000                 -0.1911613657
   1.1755000000                 -0.1929789809
   1.1770000000                 -0.1947999061
   1.1785000000                 -0.1966241533
   1.1800000000                 -0.1984517346
   1.1815000000                 -0.2002826622
   1.1830000000                 -0.2021169485
   1.1845000000                 -0.2039546058
   1.1860000000                 -0.2057956464
   1.1875000000                 -0.2076400829
   1.1890000000                 -0.2094879278
   1.1905000000                 -0.2113391937
   1.1920000000                 -0.2131938934
   1.1935000000                 -0.2150520394
   1.1950000000                 -0.2169136448
   1.1965000000                 -0.2187787224
   1.1980000000                 -0.2206472852
   1.1995000000                 -0.2225193461
   1.2010000000                 -0.2243949184
   1.2025000000                 -0.2262740153
   1.2040000000                 -0.2281566499
   1.2055000000                 -0.2300428357
   1.2070000000                 -0.2319325861
   1.2085000000                 -0.2338259145
   1.2100000000                 -0.2357228345
   1.2115000000                 -0.2376233599
   1.2130000000                 -0.2395275042
   1.2145000000                 -0.2414352814
   1.2160000000                 -0.2433467052
   1.2175000000                 -0.2452617898
   1.2190000000                 -0.2471805491
   1.2205000000                 -0.2491029972
   1.2220000000                 -0.2510291484
   1.2235000000                 -0.2529590169
   1.2250000000                 -0.2548926171
   1.2265000000                 -0.2568299635
   1.2280000000                 -0.2587710707
   1.2295000000                 -0.2607159532
   1.2310000000                 -0.2626646257
   1.2325000000                 -0.2646171031
   1.2340000000                 -0.2665734003
   1.2355000000                 -0.2685335321
   1.2370000000                 -0.2704975138
   1.2385000000                 -0.2724653604
   1.2400000000                 -0.2744370871
   1.2415000000                 -0.2764127094
   1.2430000000                 -0.2783922426
   1.2445000000                 -0.2803757022
   1.2460000000                 -0.2823631038
   1.2475000000                 -0.2843544632
   1.2490000000                 -0.2863497961
   1.2505000000                 -0.2883491185
   1.2520000000                 -0.2903524462
   1.2535000000                 -0.2923597955
   1.2550000000                 -0.2943711824
   1.2565000000                 -0.2963866232
   1.2580000000                 -0.2984061344
   1.2595000000                 -0.3004297323
   1.2610000000                 -0.3024574336
   1.2625000000                 -0.3044892549
   1.2640000000                 -0.3065252130
   1.2655000000                 -0.3085653247
   1.2670000000                 -0.3106096072
   1.2685000000                 -0.3126580774
   1.2700000000                 -0.3147107525
   1.2715000000                 -0.3167676499
   1.2730000000                 -0.3188287869
   1.2745000000                 -0.3208941811
   1.2760000000                 -0.3229638500
   1.2775000000                 -0.3250378115
   1.2790000000                 -0.3271160833
   1.2805000000                 -0.3291986833
   1.2820000000                 -0.3312856298
   1.2835000000                 -0.3333769408
   1.2850000000                 -0.3354726347
   1.2865000000                 -0.3375727298
   1.2880000000                 -0.3396772446
   1.2895000000                 -0.3417861979
   1.2910000000                 -0.3438996083
   1.2925000000                 -0.3460174948
   1.2940000000                 -0.3481398763
   1.2955000000                 -0.3502667720
   1.2970000000                 -0.3523982011
   1.2985000000                 -0.3545341830
   1.3000000000                 -0.3566747372
   1.3015000000                 -0.3588198832
   1.3030000000                 -0.3609696409
   1.3045000000                 -0.3631240300
   1.3060000000                 -0.3652830707
   1.3075000000                 -0.3674467830
   1.3090000000                 -0.3696151871
   1.3105000000                 -0.3717883036
   1.3120000000                 -0.3739661528
   1.3135000000                 -0.3761487555
   1.3150000000                 -0.3783361324
   1.3165000000                 -0.3805283046
   1.3180000000                 -0.3827252930
   1.3195000000                 -0.3849271188
   1.3210000000                 -0.3871338035
   1.3225000000                 -0.3893453684
   1.3240000000                 -0.3915618353
   1.3255000000                 -0.3937832259
   1.3270000000                 -0.3960095622
   1.3285000000                 -0.3982408661
   1.3300000000                 -0.4004771600
   1.3315000000                 -0.4027184661
   1.3330000000                 -0.4049648071
   1.3345000000                 -0.4072162056
   1.3360000000                 -0.4094726843
   1.3375000000                 -0.4117342664
   1.3390000000                 -0.4140009748
   1.3405000000                 -0.4162728330
   1.3420000000                 -0.4185498644
   1.3435000000                 -0.4208320925
   1.3450000000                 -0.4231195411
   1.3465000000                 -0.4254122343
   1.3480000000                 -0.4277101960
   1.3495000000                 -0.4300134506
   1.3510000000                 -0.4323220225
   1.3525000000                 -0.4346359363
   1.3540000000                 -0.4369552168
   1.3555000000                 -0.4392798889
   1.3570000000                 -0.4416099778
   1.3585000000                 -0.4439455087
   1.3600000000                 -0.4462865072
   1.3615000000                 -0.4486329989
   1.3630000000                 -0.4509850096
   1.3645000000                 -0.4533425653
   1.3660000000                 -0.4557056924
   1.3675000000                 -0.4580744171
   1.3690000000                 -0.4604487661
   1.3705000000                 -0.4628287660
   1.3720000000                 -0.4652144440
   1.3735000000                 -0.4676058270
   1.3750000000                 -0.4700029426
   1.3765000000                 -0.4724058182
   1.3780000000                 -0.4748144816
   1.3795000000                 -0.4772289607
   1.3810000000                 -0.4796492837
   1.3825000000                 -0.4820754789
   1.3840000000                 -0.4845075750
   1.3855000000                 -0.4869456006
   1.3870000000                 -0.4893895847
   1.3885000000                 -0.4918395566
   1.3900000000                 -0.4942955457
   1.3915000000                 -0.4967575816
   1.3930000000                 -0.4992256941
   1.3945000000                 -0.5016999134
   1.3960000000                 -0.5041802696
   1.3975000000                 -0.5066667934
   1.3990000000                 -0.5091595154
   1.4005000000                 -0.5116584667
   1.4020000000                 -0.5141636784
   1.4035000000                 -0.5166751821
   1.4050000000                 -0.5191930094
   1.4065000000                 -0.5217171921
   1.4080000000                 -0.5242477626
   1.4095000000                 -0.5267847531
   1.4110000000                 -0.5293281964
   1.4125000000                 -0.5318781254
   1.4140000000                 -0.5344345731
   1.4155000000                 -0.5369975731
   1.4170000000                 -0.5395671590
   1.4185000000                 -0.5421433648
   1.4200000000                 -0.5447262246
   1.4215000000                 -0.5473157729
   1.4230000000                 -0.5499120444
   1.4245000000                 -0.5525150741
   1.4260000000                 -0.5551248974
   1.4275000000                 -0.5577415497
   1.4290000000                 -0.5603650669
   1.4305000000                 -0.5629954851
   1.4320000000                 -0.5656328407
   1.4335000000                 -0.5682771704
   1.4350000000                 -0.5709285112
   1.4365000000                 -0.5735869003
   1.4380000000                 -0.5762523754
   1.4395000000                 -0.5789249742
   1.4410000000                 -0.5816047350
   1.4425000000                 -0.5842916964
   1.4440000000                 -0.5869858969
   1.4455000000                 -0.5896873759
   1.4470000000                 -0.5923961727
   1.4485000000                 -0.5951123270
   1.4500000000                 -0.5978358790
   1.4515000000                 -0.6005668690
   1.4530000000                 -0.6033053379
   1.4545000000                 -0.6060513265
   1.4560000000                 -0.6088048765
   1.4575000000                 -0.6115660295
   1.4590000000                 -0.6143348276
   1.4605000000                 -0.6171113133
   1.4620000000                 -0.6198955294
   1.4635000000                 -0.6226875190
   1.4650000000                 -0.6254873258
   1.4665000000                 -0.6282949935
   1.4680000000                 -0.6311105665
   1.4695000000                 -0.6339340893
   1.4710000000                 -0.6367656071
   1.4725000000                 -0.6396051652
   1.4740000000                 -0.6424528093
   1.4755000000                 -0.6453085858
   1.4770000000                 -0.6481725412
   1.4785000000                 -0.6510447224
   1.4800000000                 -0.6539251768
   1.4815000000                 -0.6568139523
   1.4830000000                 -0.6597110971
   1.4845000000                 -0.6626166597
   1.4860000000                 -0.6655306893
   1.4875000000                 -0.6684532353
   1.4890000000                 -0.6713843477
   1.4905000000                 -0.6743240768
   1.4920000000                 -0.6772724735
   1.4935000000                 -0.6802295890
   1.4950000000                 -0.6831954750
   1.4965000000                 -0.6861701837
   1.4980000000                 -0.6891537677
   1.4995000000                 -0.6921462802
   1.5010000000                 -0.6951477748
   1.5025000000                 -0.6981583055
   1.5040000000                 -0.7011779270
   1.5055000000                 -0.7042066942
   1.5070000000                 -0.7072446628
   1.5085000000                 -0.7102918888
   1.5100000000                 -0.7133484289
   1.5115000000                 -0.7164143400
   1.5130000000                 -0.7194896800
   1.5145000000                 -0.7225745069
   1.5160000000                 -0.7256688795
   1.5175000000                 -0.7287728570
   1.5190000000                 -0.7318864992
   1.5205000000                 -0.7350098665
   1.5220000000                 -0.7381430199
   1.5235000000                 -0.7412860208
   1.5250000000                 -0.7444389314
   1.5265000000                 -0.7476018143
   1.5280000000                 -0.7507747329
   1.5295000000                 -0.7539577509
   1.5310000000                 -0.7571509330
   1.5325000000                 -0.7603543442
   1.5340000000                 -0.7635680503
   1.5355000000                 -0.7667921177
   1.5370000000                 -0.7700266133
   1.5385000000                 -0.7732716049
   1.5400000000                 -0.7765271608
   1.5415000000                 -0.7797933501
   1.5430000000                 -0.7830702423
   1.5445000000                 -0.7863579080
   1.5460000000                 -0.7896564180
   1.5475000000                 -0.7929658444
   1.5490000000                 -0.7962862594
   1.5505000000                 -0.7996177364
   1.5520000000                 -0.8029603493
   1.5535000000                 -0.8063141728
   1.5550000000                 -0.8096792823
   1.5565000000                 -0.8130557541
   1.5580000000                 -0.8164436651
   1.5595000000                 -0.8198430932
   1.5610000000                 -0.8232541168
   1.5625000000                 -0.8266768154
   1.5640000000                 -0.8301112692
   1.5655000000                 -0.8335575591
   1.5670000000                 -0.8370157671
   1.5685000000                 -0.8404859759
   1.5700000000                 -0.8439682690
   1.5715000000                 -0.8474627309
   1.5730000000                 -0.8509694469
   1.5745000000                 -0.8544885034
   1.5760000000                 -0.8580199874
   1.5775000000                 -0.8615639870
   1.5790000000                 -0.8651205913
   1.5805000000                 -0.8686898903
   1.5820000000                 -0.8722719748
   1.5835000000                 -0.8758669369
   1.5850000000                 -0.8794748695
   1.5865000000                 -0.8830958664
   1.5880000000                 -0.8867300225
   1.5895000000                 -0.8903774341
   1.5910000000                 -0.8940381981
   1.5925000000                 -0.8977124125
   1.5940000000                 -0.9014001766
   1.5955000000                 -0.9051015907
   1.5970000000                 -0.9088167563
   1.5985000000                 -0.9125457759
   1.6000000000                 -0.9162887531
   1.6015000000                 -0.9200457930
   1.6030000000                 -0.9238170014
   1.6045000000                 -0.9276024859
   1.6060000000                 -0.9314023547
   1.6075000000                 -0.9352167177
   1.6090000000                 -0.9390456858
   1.6105000000                 -0.9428893713
   1.6120000000                 -0.9467478878
   1.6135000000                 -0.9506213503
   1.6150000000                 -0.9545098748
   1.6165000000                 -0.9584135791
   1.6180000000                 -0.9623325820
   1.6195000000                 -0.9662670041
   1.6210000000                 -0.9702169670
   1.6225000000                 -0.9741825941
   1.6240000000                 -0.9781640101
   1.6255000000                 -0.9821613411
   1.6270000000                 -0.9861747151
   1.6285000000                 -0.9902042612
   1.6300000000                 -0.9942501103
   1.6315000000                 -0.9983123948
   1.6330000000                 -1.0023912489
   1.6345000000                 -1.0064868083
   1.6360000000                 -1.0105992104
   1.6375000000                 -1.0147285942
   1.6390000000                 -1.0188751006
   1.6405000000                 -1.0230388722
   1.6420000000                 -1.0272200533
   1.6435000000                 -1.0314187902
   1.6450000000                 -1.0356352309
   1.6465000000                 -1.0398695253
   1.6480000000                 -1.0441218254
   1.6495000000                 -1.0483922848
   1.6510000000                 -1.0526810593
   1.6525000000                 -1.0569883066
   1.6540000000                 -1.0613141868
   1.6555000000                 -1.0656588615
   1.6570000000                 -1.0700224949
   1.6585000000                 -1.0744052532
   1.6600000000                 -1.0788073046
   1.6615000000                 -1.0832288199
   1.6630000000                 -1.0876699719
   1.6645000000                 -1.0921309358
   1.6660000000                 -1.0966118891
   1.6675000000                 -1.1011130119
   1.6690000000                 -1.1056344865
   1.6705000000                 -1.1101764978
   1.6720000000                 -1.1147392331
   1.6735000000                 -1.1193228825
   1.6750000000                 -1.1239276386
   1.6765000000                 -1.1285536967
   1.6780000000                 -1.1332012548
   1.6795000000                 -1.1378705136
   1.6810000000                 -1.1425616767
   1.6825000000                 -1.1472749507
   1.6840000000                 -1.1520105450
   1.6855000000                 -1.1567686719
   1.6870000000                 -1.1615495469
   1.6885000000                 -1.1663533886
   1.6900000000                 -1.1711804187
   1.6915000000                 -1.1760308622
   1.6930000000                 -1.1809049472
   1.6945000000                 -1.1858029054
   1.6960000000                 -1.1907249718
   1.6975000000                 -1.1956713848
   1.6990000000                 -1.2006423867
   1.7005000000                 -1.2056382229
   1.7020000000                 -1.2106591430
   1.7035000000                 -1.2157054001
   1.7050000000                 -1.2207772511
   1.7065000000                 -1.2258749570
   1.7080000000                 -1.2309987829
   1.7095000000                 -1.2361489976
   1.7110000000                 -1.2413258745
   1.7125000000                 -1.2465296911
   1.7140000000                 -1.2517607291
   1.7155000000                 -1.2570192750
   1.7170000000                 -1.2623056194
   1.7185000000                 -1.2676200580
   1.7200000000                 -1.2729628908
   1.7215000000                 -1.2783344230
   1.7230000000                 -1.2837349645
   1.7245000000                 -1.2891648304
   1.7260000000                 -1.2946243408
   1.7275000000                 -1.3001138212
   1.7290000000                 -1.3056336026
   1.7305000000                 -1.3111840211
   1.7320000000                 -1.3167654190
   1.7335000000                 -1.3223781438
   1.7350000000                 -1.3280225493
   1.7365000000                 -1.3336989951
   1.7380000000                 -1.3394078471
   1.7395000000                 -1.3451494774
   1.7410000000                 -1.3509242645
   1.7425000000                 -1.3567325936
   1.7440000000                 -1.3625748567
   1.7455000000                 -1.3684514526
   1.7470000000                 -1.3743627873
   1.7485000000                 -1.3803092737
   1.7500000000                 -1.3862913326
   1.7515000000                 -1.3923093921
   1.7530000000                 -1.3983638881
   1.7545000000                 -1.4044552645
   1.7560000000                 -1.4105839734
   1.7575000000                 -1.4167504752
   1.7590000000                 -1.4229552388
   1.7605000000                 -1.4291987421
   1.7620000000                 -1.4354814720
   1.7635000000                 -1.4418039243
   1.7650000000                 -1.4481666045
   1.7665000000                 -1.4545700280
   1.7680000000                 -1.4610147197
   1.7695000000                 -1.4675012152
   1.7710000000                 -1.4740300602
   1.7725000000                 -1.4806018114
   1.7740000000                 -1.4872170365
   1.7755000000                 -1.4938763144
   1.7770000000                 -1.5005802359
   1.7785000000                 -1.5073294036
   1.7800000000                 -1.5141244324
   1.7815000000                 -1.5209659497
   1.7830000000                 -1.5278545961
   1.7845000000                 -1.5347910254
   1.7860000000                 -1.5417759051
   1.7875000000                 -1.5488099169
   1.7890000000                 -1.5558937568
   1.7905000000                 -1.5630281357
   1.7920000000                 -1.5702137802
   1.7935000000                 -1.5774514322
   1.7950000000                 -1.5847418500
   1.7965000000                 -1.5920858088
   1.7980000000                 -1.5994841005
   1.7995000000                 -1.6069375354
   1.8010000000                 -1.6144469416
   1.8025000000                 -1.6220131659
   1.8040000000                 -1.6296370749
   1.8055000000                 -1.6373195548
   1.8070000000                 -1.6450615126
   1.8085000000                 -1.6528638764
   1.8100000000                 -1.6607275962
   1.8115000000                 -1.6686536447
   1.8130000000                 -1.6766430178
   1.8145000000                 -1.6846967355
   1.8160000000                 -1.6928158428
   1.8175000000                 -1.7010014100
   1.8190000000                 -1.7092545343
   1.8205000000                 -1.7175763400
   1.8220000000                 -1.7259679799
   1.8235000000                 -1.7344306358
   1.8250000000                 -1.7429655202
   1.8265000000                 -1.7515738764
   1.8280000000                 -1.7602569806
   1.8295000000                 -1.7690161421
   1.8310000000                 -1.7778527052
   1.8325000000                 -1.7867680499
   1.8340000000                 -1.7957635936
   1.8355000000                 -1.8048407925
   1.8370000000                 -1.8140011424
   1.8385000000                 -1.8232461809
   1.8400000000                 -1.8325774884
   1.8415000000                 -1.8419966903
   1.8430000000                 -1.8515054579
   1.8445000000                 -1.8611055112
   1.8460000000                 -1.8707986198
   1.8475000000                 -1.8805866052
   1.8490000000                 -1.8904713434
   1.8505000000                 -1.9004547660
   1.8520000000                 -1.9105388635
   1.8535000000                 -1.9207256870
   1.8550000000                 -1.9310173510
   1.8565000000                 -1.9414160360
   1.8580000000                 -1.9519239910
   1.8595000000                 -1.9625435371
   1.8610000000                 -1.9732770696
   1.8625000000                 -1.9841270623
   1.8640000000                 -1.9950960700
   1.8655000000                 -2.0061867329
   1.8670000000                 -2.0174017795
   1.8685000000                 -2.0287440316
   1.8700000000                 -2.0402164080
   1.8715000000                 -2.0518219290
   1.8730000000                 -2.0635637215
   1.8745000000                 -2.0754450237
   1.8760000000                 -2.0874691905
   1.8775000000                 -2.0996396998
   1.8790000000                 -2.1119601573
   1.8805000000                 -2.1244343045
   1.8820000000                 -2.1370660238
   1.8835000000                 -2.1498593474
   1.8850000000                 -2.1628184637
   1.8865000000                 -2.1759477264
   1.8880000000                 -2.1892516629
   1.8895000000                 -2.2027349836
   1.8910000000                 -2.2164025924
   1.8925000000                 -2.2302595965
   1.8940000000                 -2.2443113191
   1.8955000000                 -2.2585633103
   1.8970000000                 -2.2730213616
   1.8985000000                 -2.2876915188
   1.9000000000                 -2.3025800984
   1.9015000000                 -2.3176937026
   1.9030000000                 -2.3330392382
   1.9045000000                 -2.3486239345
   1.9060000000                 -2.3644553643
   1.9075000000                 -2.3805414662
   1.9090000000                 -2.3968905675
   1.9105000000                 -2.4135114114
   1.9120000000                 -2.4304131843
   1.9135000000                 -2.4476055460
   1.9150000000                 -2.4650986640
   1.9165000000                 -2.4829032483
   1.9180000000                 -2.5010305918
   1.9195000000                 -2.5194926127
   1.9210000000                 -2.5383019018
   1.9225000000                 -2.5574717742
   1.9240000000                 -2.5770163256
   1.9255000000                 -2.5969504947
   1.9270000000                 -2.6172901321
   1.9285000000                 -2.6380520757
   1.9300000000                 -2.6592542343
   1.9315000000                 -2.6809156809
   1.9330000000                 -2.7030567553
   1.9345000000                 -2.7256991793
   1.9360000000                 -2.7488661844
   1.9375000000                 -2.7725826554
   1.9390000000                 -2.7968752908
   1.9405000000                 -2.8217727837
   1.9420000000                 -2.8473060252
   1.9435000000                 -2.8735083353
   1.9450000000                 -2.9004157242
   1.9465000000                 -2.9280671894
   1.9480000000                 -2.9565050564
   1.9495000000                 -2.9857753681
   1.9510000000                 -3.0159283334
   1.9525000000                 -3.0470188449
   1.9540000000                 -3.0791070812
   1.9555000000                 -3.1122592073
   1.9570000000                 -3.1465481965
   1.9585000000                 -3.1820547973
   1.9600000000                 -3.2188686790
   1.9615000000                 -3.2570897964
   1.9630000000                 -3.2968300254
   1.9645000000                 -3.3382151373
   1.9660000000                 -3.3813871998
   1.9675000000                 -3.4265075202
   1.9690000000                 -3.4737602840
   1.9705000000                 -3.5233570973
   1.9720000000                 -3.5755427152
   1.9735000000                 -3.6306023487
   1.9750000000                 -3.6888711036
   1.9765000000                 -3.7507463437
   1.9780000000                 -3.8167041356
   1.9795000000                 -3.8873215131
   1.9810000000                 -3.9633072144
   1.9825000000                 -4.0455450879
   1.9840000000                 -4.1351569994
   1.9855000000                 -4.2335967982
   1.9870000000                 -4.3427957830
   1.9885000000                 -4.4653977561
   1.9900000000                 -4.6051592957
   1.9915000000                 -4.7676777502
   1.9930000000                 -4.9618331880
   1.9945000000                 -5.2029945151
   1.9960000000                 -5.5214472590
   1.9975000000                 -5.9914493816
   1.9990000000                 -6.9077369986
   2.0005000000                 -7.6008825604
   2.0020000000                 -6.2145937404
   2.0035000000                 -5.6549791472
   2.0050000000                 -5.2983051646
   2.0065000000                 -5.0359416587
   2.0080000000                 -4.8283029200
   2.0095000000                 -4.6564531987
   2.0110000000                 -4.5098501946
   2.0125000000                 -4.3820172445
   2.0140000000                 -4.2686889432
   2.0155000000                 -4.1669066036
   2.0170000000                 -4.0745336148
   2.0185000000                 -3.9899765399
   2.0200000000                 -3.9120152972
   2.0215000000                 -3.8396949230
   2.0230000000                 -3.7722539212
   2.0245000000                 -3.7090752929
   2.0260000000                 -3.6496521427
   2.0275000000                 -3.5935629462
   2.0290000000                 -3.5404533938
   2.0305000000                 -3.4900228200
   2.0320000000                 -3.4420138922
   2.0335000000                 -3.3962046666
   2.0350000000                 -3.3524023842
   2.0365000000                 -3.3104385750
   2.0380000000                 -3.2701651551
   2.0395000000                 -3.2314513210
   2.0410000000                 -3.1941814310
   2.0425000000                 -3.1582488284
   2.0440000000                 -3.1235624620
   2.0455000000                 -3.0900394030
   2.0470000000                 -3.0576039086
   2.0485000000                 -3.0261875677
   2.0500000000                 -2.9957282598
   2.0515000000                 -2.9661693862
   2.0530000000                 -2.9374592291
   2.0545000000                 -2.9095504046
   2.0560000000                 -2.8823993904
   2.0575000000                 -2.8559661168
   2.0590000000                 -2.8302136110
   2.0605000000                 -2.8051076857
   2.0620000000                 -2.7806166659
   2.0635000000                 -2.7567111490
   2.0650000000                 -2.7333637919
   2.0665000000                 -2.7105491236
   2.0680000000                 -2.6882433777
   2.0695000000                 -2.6664243437
   2.0710000000                 -2.6450712341
   2.0725000000                 -2.6241645655
   2.0740000000                 -2.6036860514
   2.0755000000                 -2.5836185067
   2.0770000000                 -2.5639457601
   2.0785000000                 -2.5446525769
   2.0800000000                 -2.5257245873
   2.0815000000                 -2.5071482226
   2.0830000000                 -2.4889106563
   2.0845000000                 -2.4709997513
   2.0860000000                 -2.4534040114
   2.0875000000                 -2.4361125364
   2.0890000000                 -2.4191149824
   2.0905000000                 -2.4024015240
   2.0920000000                 -2.3859628204
   2.0935000000                 -2.3697899841
   2.0950000000                 -2.3538745518
   2.0965000000                 -2.3382084580
   2.0980000000                 -2.3227840108
   2.0995000000                 -2.3075938684
   2.1010000000                 -2.2926310189
   2.1025000000                 -2.2778887603
   2.1040000000                 -2.2633606829
   2.1055000000                 -2.2490406523
   2.1070000000                 -2.2349227939
   2.1085000000                 -2.2210014785
   2.1100000000                 -2.2072713087
   2.1115000000                 -2.1937271067
   2.1130000000                 -2.1803639018
   2.1145000000                 -2.1671769205
   2.1160000000                 -2.1541615753
   2.1175000000                 -2.1413134556
   2.1190000000                 -2.1286283189
   2.1205000000                 -2.1161020817
   2.1220000000                 -2.1037308126
   2.1235000000                 -2.0915107237
   2.1250000000                 -2.0794381650
   2.1265000000                 -2.0675096166
   2.1280000000                 -2.0557216832
   2.1295000000                 -2.0440710882
   2.1310000000                 -2.0325546684
   2.1325000000                 -2.0211693683
   2.1340000000                 -2.0099122358
   2.1355000000                 -1.9987804175
   2.1370000000                 -1.9877711539
   2.1385000000                 -1.9768817760
   2.1400000000                 -1.9661097007
   2.1415000000                 -1.9554524280
   2.1430000000                 -1.9449075365
   2.1445000000                 -1.9344726808
   2.1460000000                 -1.9241455882
   2.1475000000                 -1.9139240555
   2.1490000000                 -1.9038059468
   2.1505000000                 -1.8937891898
   2.1520000000                 -1.8838717745
   2.1535000000                 -1.8740517495
   2.1550000000                 -1.8643272207
   2.1565000000                 -1.8546963487
   2.1580000000                 -1.8451573467
   2.1595000000                 -1.8357084785
   2.1610000000                 -1.8263480567
   2.1625000000                 -1.8170744408
   2.1640000000                 -1.8078860356
   2.1655000000                 -1.7987812893
   2.1670000000                 -1.7897586925
   2.1685000000                 -1.7808167757
   2.1700000000                 -1.7719541091
   2.1715000000                 -1.7631693001
   2.1730000000                 -1.7544609928
   2.1745000000                 -1.7458278661
   2.1760000000                 -1.7372686332
   2.1775000000                 -1.7287820398
   2.1790000000                 -1.7203668632
   2.1805000000                 -1.7120219117
   2.1820000000                 -1.7037460227
   2.1835000000                 -1.6955380625
   2.1850000000                 -1.6873969253
   2.1865000000                 -1.6793215315
   2.1880000000                 -1.6713108279
   2.1895000000                 -1.6633637865
   2.1910000000                 -1.6554794032
   2.1925000000                 -1.6476566976
   2.1940000000                 -1.6398947125
   2.1955000000                 -1.6321925122
   2.1970000000                 -1.6245491830
   2.1985000000                 -1.6169638317
   2.2000000000                 -1.6094355854
   2.2015000000                 -1.6019635906
   2.2030000000                 -1.5945470131
   2.2045000000                 -1.5871850367
   2.2060000000                 -1.5798768635
   2.2075000000                 -1.5726217127
   2.2090000000                 -1.5654188205
   2.2105000000                 -1.5582674394
   2.2120000000                 -1.5511668380
   2.2135000000                 -1.5441163001
   2.2150000000                 -1.5371151248
   2.2165000000                 -1.5301626255
   2.2180000000                 -1.5232581304
   2.2195000000                 -1.5164009808
   2.2210000000                 -1.5095905319
   2.2225000000                 -1.5028261521
   2.2240000000                 -1.4961072221
   2.2255000000                 -1.4894331352
   2.2270000000                 -1.4828032970
   2.2285000000                 -1.4762171245
   2.2300000000                 -1.4696740462
   2.2315000000                 -1.4631735020
   2.2330000000                 -1.4567149424
   2.2345000000                 -1.4502978286
   2.2360000000                 -1.4439216320
   2.2375000000                 -1.4375858341
   2.2390000000                 -1.4312899262
   2.2405000000                 -1.4250334093
   2.2420000000                 -1.4188157934
   2.2435000000                 -1.4126365978
   2.2450000000                 -1.4064953507
   2.2465000000                 -1.4003915887
   2.2480000000                 -1.3943248569
   2.2495000000                 -1.3882947090
   2.2510000000                 -1.3823007062
   2.2525000000                 -1.3763424178
   2.2540000000                 -1.3704194208
   2.2555000000                 -1.3645312996
   2.2570000000                 -1.3586776458
   2.2585000000                 -1.3528580584
   2.2600000000                 -1.3470721430
   2.2615000000                 -1.3413195123
   2.2630000000                 -1.3355997855
   2.2645000000                 -1.3299125884
   2.2660000000                 -1.3242575530
   2.2675000000                 -1.3186343177
   2.2690000000                 -1.3130425268
   2.2705000000                 -1.3074818306
   2.2720000000                 -1.3019518852
   2.2735000000                 -1.2964523524
   2.2750000000                 -1.2909828996
   2.2765000000                 -1.2855431994
   2.2780000000                 -1.2801329299
   2.2795000000                 -1.2747517744
   2.2810000000                 -1.2693994213
   2.2825000000                 -1.2640755638
   2.2840000000                 -1.2587799002
   2.2855000000                 -1.2535121334
   2.2870000000                 -1.2482719711
   2.2885000000                 -1.2430591255
   2.2900000000                 -1.2378733133
   2.2915000000                 -1.2327142555
   2.2930000000                 -1.2275816775
   2.2945000000                 -1.2224753090
   2.2960000000                 -1.2173948835
   2.2975000000                 -1.2123401389
   2.2990000000                 -1.2073108168
   2.3005000000                 -1.2023066629
   2.3020000000                 -1.1973274264
   2.3035000000                 -1.1923728606
   2.3050000000                 -1.1874427221
   2.3065000000                 -1.1825367712
   2.3080000000                 -1.1776547720
   2.3095000000                 -1.1727964915
   2.3110000000                 -1.1679617006
   2.3125000000                 -1.1631501731
   2.3140000000                 -1.1583616864
   2.3155000000                 -1.1535960208
   2.3170000000                 -1.1488529598
   2.3185000000                 -1.1441322901
   2.3200000000                 -1.1394338013
   2.3215000000                 -1.1347572860
   2.3230000000                 -1.1301025396
   2.3245000000                 -1.1254693605
   2.3260000000                 -1.1208575498
   2.3275000000                 -1.1162669113
   2.3290000000                 -1.1116972515
   2.3305000000                 -1.1071483798
   2.3320000000                 -1.1026201077
   2.3335000000                 -1.0981122498
   2.3350000000                 -1.0936246228
   2.3365000000                 -1.0891570460
   2.3380000000                 -1.0847093413
   2.3395000000                 -1.0802813326
   2.3410000000                 -1.0758728464
   2.3425000000                 -1.0714837114
   2.3440000000                 -1.0671137587
   2.3455000000                 -1.0627628214
   2.3470000000                 -1.0584307350
   2.3485000000                 -1.0541173370
   2.3500000000                 -1.0498224671
   2.3515000000                 -1.0455459671
   2.3530000000                 -1.0412876806
   2.3545000000                 -1.0370474537
   2.3560000000                 -1.0328251341
   2.3575000000                 -1.0286205718
   2.3590000000                 -1.0244336184
   2.3605000000                 -1.0202641278
   2.3620000000                 -1.0161119557
   2.3635000000                 -1.0119769598
   2.3650000000                 -1.0078589998
   2.3665000000                 -1.0037579376
   2.3680000000                 -0.9996736370
   2.3695000000                 -0.9956059646
   2.3710000000                 -0.9915547894
   2.3725000000                 -0.9875199842
   2.3740000000                 -0.9835014266
   2.3755000000                 -0.9794990024
   2.3770000000                 -0.9755126144
   2.3785000000                 -0.9715422128
   2.3800000000                 -0.9675879854
   2.3815000000                 -0.9636489472
   2.3830000000                 -0.9597234964
   2.3845000000                 -0.9558141535
   2.3860000000                 -0.9519202267
   2.3875000000                 -0.9480414936
   2.3890000000                 -0.9441777988
   2.3905000000                 -0.9403290086
   2.3920000000                 -0.9364949985
   2.3935000000                 -0.9326756494
   2.3950000000                 -0.9288708457
   2.3965000000                 -0.9250804743
   2.3980000000                 -0.9213044242
   2.3995000000                 -0.9175425862
   2.4010000000                 -0.9137948525
   2.4025000000                 -0.9100611170
   2.4040000000                 -0.9063412747
   2.4055000000                 -0.9026352222
   2.4070000000                 -0.8989428571
   2.4085000000                 -0.8952640783
   2.4100000000                 -0.8915987860
   2.4115000000                 -0.8879468812
   2.4130000000                 -0.8843082664
   2.4145000000                 -0.8806828451
   2.4160000000                 -0.8770705216
   2.4175000000                 -0.8734712016
   2.4190000000                 -0.8698847917
   2.4205000000                 -0.8663111995
   2.4220000000                 -0.8627503335
   2.4235000000                 -0.8592021034
   2.4250000000                 -0.8556664198
   2.4265000000                 -0.8521431941
   2.4280000000                 -0.8486323389
   2.4295000000                 -0.8451337674
   2.4310000000                 -0.8416473941
   2.4325000000                 -0.8381731341
   2.4340000000                 -0.8347109034
   2.4355000000                 -0.8312606190
   2.4370000000                 -0.8278221988
   2.4385000000                 -0.8243955613
   2.4400000000                 -0.8209806262
   2.4415000000                 -0.8175773135
   2.4430000000                 -0.8141855447
   2.4445000000                 -0.8108052415
   2.4460000000                 -0.8074363267
   2.4475000000                 -0.8040787238
   2.4490000000                 -0.8007323570
   2.4505000000                 -0.7973971514
   2.4520000000                 -0.7940730328
   2.4535000000                 -0.7907599277
   2.4550000000                 -0.7874577633
   2.4565000000                 -0.7841664676
   2.4580000000                 -0.7808859694
   2.4595000000                 -0.7776161978
   2.4610000000                 -0.7743570831
   2.4625000000                 -0.7711085560
   2.4640000000                 -0.7678705479
   2.4655000000                 -0.7646429909
   2.4670000000                 -0.7614258177
   2.4685000000                 -0.7582189617
   2.4700000000                 -0.7550223570
   2.4715000000                 -0.7518359382
   2.4730000000                 -0.7486596406
   2.4745000000                 -0.7454934002
   2.4760000000                 -0.7423371534
   2.4775000000                 -0.7391908372
   2.4790000000                 -0.7360543896
   2.4805000000                 -0.7329277486
   2.4820000000                 -0.7298108532
   2.4835000000                 -0.7267036428
   2.4850000000                 -0.7236060574
   2.4865000000                 -0.7205180375
   2.4880000000                 -0.7174395243
   2.4895000000                 -0.7143704594
   2.4910000000                 -0.7113107849
   2.4925000000                 -0.7082604437
   2.4940000000                 -0.7052193788
   2.4955000000                 -0.7021875341
   2.4970000000                 -0.6991648538
   2.4985000000                 -0.6961512827
   2.5000000000                 -0.6931467660
   2.5015000000                 -0.6901512495
   2.5030000000                 -0.6871646794
   2.5045000000                 -0.6841870025
   2.5060000000                 -0.6812181659
   2.5075000000                 -0.6782581173
   2.5090000000                 -0.6753068048
   2.5105000000                 -0.6723641770
   2.5120000000                 -0.6694301829
   2.5135000000                 -0.6665047721
   2.5150000000                 -0.6635878945
   2.5165000000                 -0.6606795003
   2.5180000000                 -0.6577795405
   2.5195000000                 -0.6548879661
   2.5210000000                 -0.6520047290
   2.5225000000                 -0.6491297811
   2.5240000000                 -0.6462630748
   2.5255000000                 -0.6434045632
   2.5270000000                 -0.6405541994
   2.5285000000                 -0.6377119372
   2.5300000000                 -0.6348777306
   2.5315000000                 -0.6320515341
   2.5330000000                 -0.6292333025
   2.5345000000                 -0.6264229911
   2.5360000000                 -0.6236205555
   2.5375000000                 -0.6208259516
   2.5390000000                 -0.6180391359
   2.5405000000                 -0.6152600649
   2.5420000000                 -0.6124886959
   2.5435000000                 -0.6097249861
   2.5450000000                 -0.6069688934
   2.5465000000                 -0.6042203760
   2.5480000000                 -0.6014793923
   2.5495000000                 -0.5987459010
   2.5510000000                 -0.5960198615
   2.5525000000                 -0.5933012330
   2.5540000000                 -0.5905899755
   2.5555000000                 -0.5878860491
   2.5570000000                 -0.5851894142
   2.5585000000                 -0.5825000317
   2.5600000000                 -0.5798178626
   2.5615000000                 -0.5771428683
   2.5630000000                 -0.5744750106
   2.5645000000                 -0.5718142514
   2.5660000000                 -0.5691605531
   2.5675000000                 -0.5665138784
   2.5690000000                 -0.5638741901
   2.5705000000                 -0.5612414514
   2.5720000000                 -0.5586156259
   2.5735000000                 -0.5559966773
   2.5750000000                 -0.5533845697
   2.5765000000                 -0.5507792675
   2.5780000000                 -0.5481807353
   2.5795000000                 -0.5455889380
   2.5810000000                 -0.5430038408
   2.5825000000                 -0.5404254091
   2.5840000000                 -0.5378536086
   2.5855000000                 -0.5352884054
   2.5870000000                 -0.5327297656
   2.5885000000                 -0.5301776558
   2.5900000000                 -0.5276320428
   2.5915000000                 -0.5250928934
   2.5930000000                 -0.5225601750
   2.5945000000                 -0.5200338551
   2.5960000000                 -0.5175139015
   2.5975000000                 -0.5150002821
   2.5990000000                 -0.5124929651
   2.6005000000                 -0.5099919191
   2.6020000000                 -0.5074971127
   2.6035000000                 -0.5050085150
   2.6050000000                 -0.5025260950
   2.6065000000                 -0.5000498222
   2.6080000000                 -0.4975796662
   2.6095000000                 -0.4951155968
   2.6110000000                 -0.4926575843
   2.6125000000                 -0.4902055987
   2.6140000000                 -0.4877596107
   2.6155000000                 -0.4853195909
   2.6170000000                 -0.4828855104
   2.6185000000                 -0.4804573403
   2.6200000000                 -0.4780350520
   2.6215000000                 -0.4756186169
   2.6230000000                 -0.4732080070
   2.6245000000                 -0.4708031942
   2.6260000000                 -0.4684041506
   2.6275000000                 -0.4660108487
   2.6290000000                 -0.4636232610
   2.6305000000                 -0.4612413604
   2.6320000000                 -0.4588651197
   2.6335000000                 -0.4564945122
   2.6350000000                 -0.4541295112
   2.6365000000                 -0.4517700903
   2.6380000000                 -0.4494162231
   2.6395000000                 -0.4470678836
   2.6410000000                 -0.4447250460
   2.6425000000                 -0.4423876844
   2.6440000000                 -0.4400557734
   2.6455000000                 -0.4377292875
   2.6470000000                 -0.4354082016
   2.6485000000                 -0.4330924908
   2.6500000000                 -0.4307821300
   2.6515000000                 -0.4284770947
   2.6530000000                 -0.4261773605
   2.6545000000                 -0.4238829029
   2.6560000000                 -0.4215936978
   2.6575000000                 -0.4193097212
   2.6590000000                 -0.4170309493
   2.6605000000                 -0.4147573583
   2.6620000000                 -0.4124889250
   2.6635000000                 -0.4102256257
   2.6650000000                 -0.4079674375
   2.6665000000                 -0.4057143371
   2.6680000000                 -0.4034663019
   2.6695000000                 -0.4012233090
   2.6710000000                 -0.3989853358
   2.6725000000                 -0.3967523600
   2.6740000000                 -0.3945243593
   2.6755000000                 -0.3923013116
   2.6770000000                 -0.3900831949
   2.6785000000                 -0.3878699873
   2.6800000000                 -0.3856616673
   2.6815000000                 -0.3834582132
   2.6830000000                 -0.3812596036
   2.6845000000                 -0.3790658173
   2.6860000000                 -0.3768768332
   2.6875000000                 -0.3746926303
   2.6890000000                 -0.3725131878
   2.6905000000                 -0.3703384849
   2.6920000000                 -0.3681685011
   2.6935000000                 -0.3660032159
   2.6950000000                 -0.3638426091
   2.6965000000                 -0.3616866605
   2.6980000000                 -0.3595353500
   2.6995000000                 -0.3573886577
   2.7010000000                 -0.3552465639
   2.7025000000                 -0.3531090488
   2.7040000000                 -0.3509760929
   2.7055000000                 -0.3488476769
   2.7070000000                 -0.3467237815
   2.7085000000                 -0.3446043874
   2.7100000000                 -0.3424894757
   2.7115000000                 -0.3403790274
   2.7130000000                 -0.3382730237
   2.7145000000                 -0.3361714460
   2.7160000000                 -0.3340742756
   2.7175000000                 -0.3319814942
   2.7190000000                 -0.3298930834
   2.7205000000                 -0.3278090249
   2.7220000000                 -0.3257293008
   2.7235000000                 -0.3236538929
   2.7250000000                 -0.3215827835
   2.7265000000                 -0.3195159547
   2.7280000000                 -0.3174533888
   2.7295000000                 -0.3153950684
   2.7310000000                 -0.3133409760
   2.7325000000                 -0.3112910943
   2.7340000000                 -0.3092454060
   2.7355000000                 -0.3072038940
   2.7370000000                 -0.3051665413
   2.7385000000                 -0.3031333310
   2.7400000000                 -0.3011042462
   2.7415000000                 -0.2990792703
   2.7430000000                 -0.2970583867
   2.7445000000                 -0.2950415788
   2.7460000000                 -0.2930288303
   2.7475000000                 -0.2910201248
   2.7490000000                 -0.2890154461
   2.7505000000                 -0.2870147781
   2.7520000000                 -0.2850181048
   2.7535000000                 -0.2830254103
   2.7550000000                 -0.2810366787
   2.7565000000                 -0.2790518944
   2.7580000000                 -0.2770710416
   2.7595000000                 -0.2750941048
   2.7610000000                 -0.2731210687
   2.7625000000                 -0.2711519178
   2.7640000000                 -0.2691866368
   2.7655000000                 -0.2672252105
   2.7670000000                 -0.2652676240
   2.7685000000                 -0.2633138621
   2.7700000000                 -0.2613639100
   2.7715000000                 -0.2594177528
   2.7730000000                 -0.2574753758
   2.7745000000                 -0.2555367643
   2.7760000000                 -0.2536019038
   2.7775000000                 -0.2516707798
   2.7790000000                 -0.2497433778
   2.7805000000                 -0.2478196836
   2.7820000000                 -0.2458996828
   2.7835000000                 -0.2439833615
   2.7850000000                 -0.2420707054
   2.7865000000                 -0.2401617006
   2.7880000000                 -0.2382563331
   2.7895000000                 -0.2363545892
   2.7910000000                 -0.2344564551
   2.7925000000                 -0.2325619171
   2.7940000000                 -0.2306709615
   2.7955000000                 -0.2287835750
   2.7970000000                 -0.2268997440
   2.7985000000                 -0.2250194552
   2.8000000000                 -0.2231426952
   2.8015000000                 -0.2212694508
   2.8030000000                 -0.2193997090
   2.8045000000                 -0.2175334566
   2.8060000000                 -0.2156706806
   2.8075000000                 -0.2138113681
   2.8090000000                 -0.2119555063
   2.8105000000                 -0.2101030823
   2.8120000000                 -0.2082540835
   2.8135000000                 -0.2064084972
   2.8150000000                 -0.2045663108
   2.8165000000                 -0.2027275118
   2.8180000000                 -0.2008920878
   2.8195000000                 -0.1990600265
   2.8210000000                 -0.1972313155
   2.8225000000                 -0.1954059426
   2.8240000000                 -0.1935838956
   2.8255000000                 -0.1917651624
   2.8270000000                 -0.1899497311
   2.8285000000                 -0.1881375896
   2.8300000000                 -0.1863287260
   2.8315000000                 -0.1845231285
   2.8330000000                 -0.1827207854
   2.8345000000                 -0.1809216849
   2.8360000000                 -0.1791258153
   2.8375000000                 -0.1773331652
   2.8390000000                 -0.1755437229
   2.8405000000                 -0.1737574770
   2.8420000000                 -0.1719744161
   2.8435000000                 -0.1701945289
   2.8450000000                 -0.1684178041
   2.8465000000                 -0.1666442304
   2.8480000000                 -0.1648737968
   2.8495000000                 -0.1631064921
   2.8510000000                 -0.1613423053
   2.8525000000                 -0.1595812254
   2.8540000000                 -0.1578232415
   2.8555000000                 -0.1560683426
   2.8570000000                 -0.1543165181
   2.8585000000                 -0.1525677571
   2.8600000000                 -0.1508220490
   2.8615000000                 -0.1490793831
   2.8630000000                 -0.1473397489
   2.8645000000                 -0.1456031357
   2.8660000000                 -0.1438695332
   2.8675000000                 -0.1421389308
   2.8690000000                 -0.1404113184
   2.8705000000                 -0.1386866854
   2.8720000000                 -0.1369650218
   2.8735000000                 -0.1352463172
   2.8750000000                 -0.1335305615
   2.8765000000                 -0.1318177446
   2.8780000000                 -0.1301078565
   2.8795000000                 -0.1284008872
   2.8810000000                 -0.1266968267
   2.8825000000                 -0.1249956651
   2.8840000000                 -0.1232973926
   2.8855000000                 -0.1216019994
   2.8870000000                 -0.1199094757
   2.8885000000                 -0.1182198119
   2.8900000000                 -0.1165329983
   2.8915000000                 -0.1148490253
   2.8930000000                 -0.1131678833
   2.8945000000                 -0.1114895629
   2.8960000000                 -0.1098140546
   2.8975000000                 -0.1081413490
   2.8990000000                 -0.1064714367
   2.9005000000                 -0.1048043085
   2.9020000000                 -0.1031399550
   2.9035000000                 -0.1014783671
   2.9050000000                 -0.0998195355
   2.9065000000                 -0.0981634512
   2.9080000000                 -0.0965101050
   2.9095000000                 -0.0948594880
   2.9110000000                 -0.0932115911
   2.9125000000                 -0.0915664054
   2.9140000000                 -0.0899239220
   2.9155000000                 -0.0882841320
   2.9170000000                 -0.0866470267
   2.9185000000                 -0.0850125972
   2.9200000000                 -0.0833808348
   2.9215000000                 -0.0817517308
   2.9230000000                 -0.0801252767
   2.9245000000                 -0.0785014637
   2.9260000000                 -0.0768802834
   2.9275000000                 -0.0752617273
   2.9290000000                 -0.0736457867
   2.9305000000                 -0.0720324534
   2.9320000000                 -0.0704217190
   2.9335000000                 -0.0688135750
   2.9350000000                 -0.0672080132
   2.9365000000                 -0.0656050253
   2.9380000000                 -0.0640046032
   2.9395000000                 -0.0624067385
   2.9410000000                 -0.0608114232
   2.9425000000                 -0.0592186492
   2.9440000000                 -0.0576284083
   2.9455000000                 -0.0560406927
   2.9470000000                 -0.0544554942
   2.9485000000                 -0.0528728050
   2.9500000000                 -0.0512926172
   2.9515000000                 -0.0497149229
   2.9530000000                 -0.0481397143
   2.9545000000                 -0.0465669835
   2.9560000000                 -0.0449967230
   2.9575000000                 -0.0434289249
   2.9590000000                 -0.0418635817
   2.9605000000                 -0.0403006857
   2.9620000000                 -0.0387402294
   2.9635000000                 -0.0371822052
   2.9650000000                 -0.0356266058
   2.9665000000                 -0.0340734236
   2.9680000000                 -0.0325226514
   2.9695000000                 -0.0309742818
   2.9710000000                 -0.0294283076
   2.9725000000                 -0.0278847217
   2.9740000000                 -0.0263435169
   2.9755000000                 -0.0248046863
   2.9770000000                 -0.0232682230
   2.9785000000                 -0.0217341202
   2.9800000000                 -0.0202023714
   2.9815000000                 -0.0186729701
   2.9830000000                 -0.0171459103
   2.9845000000                 -0.0156211862
   2.9860000000                 -0.0140987925
   2.9875000000                 -0.0125787248
   2.9890000000                 -0.0110609797
   2.9905000000                 -0.0095455555
   2.9920000000                 -0.0080324540
   2.9935000000                 -0.0065216825
   2.9950000000                 -0.0050132605
   2.9965000000                 -0.0035072381
   2.9980000000                 -0.0020037678
   2.9995000000                 -0.0005037732
   3.0010000000                 -0.0020070747
   3.0025000000                 -0.0050295160
   3.0040000000                 -0.0080733036
   3.0055000000                 -0.0111382667
   3.0070000000                 -0.0142245679
   3.0085000000                 -0.0173324404
   3.0100000000                 -0.0204621452
   3.0115000000                 -0.0236139583
   3.0130000000                 -0.0267881666
   3.0145000000                 -0.0299850656
   3.0160000000                 -0.0332049586
   3.0175000000                 -0.0364481560
   3.0190000000                 -0.0397149758
   3.0205000000                 -0.0430057428
   3.0220000000                 -0.0463207892
   3.0235000000                 -0.0496604544
   3.0250000000                 -0.0530250852
   3.0265000000                 -0.0564150360
   3.0280000000                 -0.0598306690
   3.0295000000                 -0.0632723543
   3.0310000000                 -0.0667404704
   3.0325000000                 -0.0702354039
   3.0340000000                 -0.0737575502
   3.0355000000                 -0.0773073136
   3.0370000000                 -0.0808851074
   3.0385000000                 -0.0844913545
   3.0400000000                 -0.0881264873
   3.0415000000                 -0.0917909484
   3.0430000000                 -0.0954851906
   3.0445000000                 -0.0992096772
   3.0460000000                 -0.1029648827
   3.0475000000                 -0.1067512926
   3.0490000000                 -0.1105694044
   3.0505000000                 -0.1144197272
   3.0520000000                 -0.1183027828
   3.0535000000                 -0.1222191057
   3.0550000000                 -0.1261692439
   3.0565000000                 -0.1301537586
   3.0580000000                 -0.1341732255
   3.0595000000                 -0.1382282349
   3.0610000000                 -0.1423193920
   3.0625000000                 -0.1464473179
   3.0640000000                 -0.1506126496
   3.0655000000                 -0.1548160410
   3.0670000000                 -0.1590581634
   3.0685000000                 -0.1633397058
   3.0700000000                 -0.1676613761
   3.0715000000                 -0.1720239013
   3.0730000000                 -0.1764280284
   3.0745000000                 -0.1808745251
   3.0760000000                 -0.1853641805
   3.0775000000                 -0.1898978063
   3.0790000000                 -0.1944762369
   3.0805000000                 -0.1991003312
   3.0820000000                 -0.2037709727
   3.0835000000                 -0.2084890709
   3.0850000000                 -0.2132555625
   3.0865000000                 -0.2180714120
   3.0880000000                 -0.2229376131
   3.0895000000                 -0.2278551899
   3.0910000000                 -0.2328251982
   3.0925000000                 -0.2378487266
   3.0940000000                 -0.2429268979
   3.0955000000                 -0.2480608710
   3.0970000000                 -0.2532518418
   3.0985000000                 -0.2585010452
   3.1000000000                 -0.2638097568
   3.1015000000                 -0.2691792944
   3.1030000000                 -0.2746110205
   3.1045000000                 -0.2801063434
   3.1060000000                 -0.2856667205
   3.1075000000                 -0.2912936593
   3.1090000000                 -0.2969887208
   3.1105000000                 -0.3027535214
   3.1120000000                 -0.3085897359
   3.1135000000                 -0.3144991002
   3.1150000000                 -0.3204834143
   3.1165000000                 -0.3265445454
   3.1180000000                 -0.3326844317
   3.1195000000                 -0.3389050855
   3.1210000000                 -0.3452085975
   3.1225000000                 -0.3515971405
   3.1240000000                 -0.3580729740
   3.1255000000                 -0.3646384492
   3.1270000000                 -0.3712960131
   3.1285000000                 -0.3780482147
   3.1300000000                 -0.3848977104
   3.1315000000                 -0.3918472700
   3.1330000000                 -0.3988997835
   3.1345000000                 -0.4060582678
   3.1360000000                 -0.4133258746
   3.1375000000                 -0.4207058985
   3.1390000000                 -0.4282017855
   3.1405000000                 -0.4358171427
   3.1420000000                 -0.4435557485
   3.1435000000                 -0.4514215634
   3.1450000000                 -0.4594187420
   3.1465000000                 -0.4675516460
   3.1480000000                 -0.4758248581
   3.1495000000                 -0.4842431971
   3.1510000000                 -0.4928117347
   3.1525000000                 -0.5015358131
   3.1540000000                 -0.5104210649
   3.1555000000                 -0.5194734346
   3.1570000000                 -0.5286992014
   3.1585000000                 -0.5381050060
   3.1600000000                 -0.5476978775
   3.1615000000                 -0.5574852656
   3.1630000000                 -0.5674750738
   3.1645000000                 -0.5776756976
   3.1660000000                 -0.5880960661
   3.1675000000                 -0.5987456881
   3.1690000000                 -0.6096347035
   3.1705000000                 -0.6207739403
   3.1720000000                 -0.6321749783
   3.1735000000                 -0.6438502207
   3.1750000000                 -0.6558129735
   3.1765000000                 -0.6680775357
   3.1780000000                 -0.6806593003
   3.1795000000                 -0.6935748694
   3.1810000000                 -0.7068421837
   3.1825000000                 -0.7204806705
   3.1840000000                 -0.7345114129
   3.1855000000                 -0.7489573430
   3.1870000000                 -0.7638434651
   3.1885000000                 -0.7791971129
   3.1900000000                 -0.7950482482
   3.1915000000                 -0.8114298091
   3.1930000000                 -0.8283781173
   3.1945000000                 -0.8459333589
   3.1960000000                 -0.8641401519
   3.1975000000                 -0.8830482232
   3.1990000000                 -0.9027132199
   3.2005000000                 -0.9231976877
   3.2020000000                 -0.9445722607
   3.2035000000                 -0.9669171189
   3.2050000000                 -0.9903237902
   3.2065000000                 -1.0148973978
   3.2080000000                 -1.0407594943
   3.2095000000                 -1.0680516736
   3.2110000000                 -1.0969402348
   3.2125000000                 -1.1276222863
   3.2140000000                 -1.1603338599
   3.2155000000                 -1.1953608864
   3.2170000000                 -1.2330543339
   3.2185000000                 -1.2738515621
   3.2200000000                 -1.3183072324
   3.2215000000                 -1.3671394092
   3.2230000000                 -1.4213008050
   3.2245000000                 -1.4820936557
   3.2260000000                 -1.5513648292
   3.2275000000                 -1.6318594927
   3.2290000000                 -1.7279185406
   3.2305000000                 -1.8470198159
   3.2320000000                 -2.0037922023
   3.2335000000                 -2.2336340311
   3.2350000000                 -2.6721344447
   3.2365000000                 -3.1244815060
   3.2380000000                 -2.3754047541
   3.2395000000                 -2.0879514764
   3.2410000000                 -1.9064880553
   3.2425000000                 -1.7735545303
   3.2440000000                 -1.6685785212
   3.2455000000                 -1.5818105768
   3.2470000000                 -1.5078512310
   3.2485000000                 -1.4433951641
   3.2500000000                 -1.3862715511
   3.2515000000                 -1.3349777320
   3.2530000000                 -1.2884303364
   3.2545000000                 -1.2458224777
   3.2560000000                 -1.2065370042
   3.2575000000                 -1.1700913112
   3.2590000000                 -1.1361008668
   3.2605000000                 -1.1042543155
   3.2620000000                 -1.0742960135
   3.2635000000                 -1.0460134822
   3.2650000000                 -1.0192282056
   3.2665000000                 -0.9937887573
   3.2680000000                 -0.9695655819
   3.2695000000                 -0.9464469762
   3.2710000000                 -0.9243359526
   3.2725000000                 -0.9031477630
   3.2740000000                 -0.8828079217
   3.2755000000                 -0.8632506131
   3.2770000000                 -0.8444173959
   3.2785000000                 -0.8262561414
   3.2800000000                 -0.8087201553
   3.2815000000                 -0.7917674482
   3.2830000000                 -0.7753601238
   3.2845000000                 -0.7594638634
   3.2860000000                 -0.7440474901
   3.2875000000                 -0.7290825959
   3.2890000000                 -0.7145432237
   3.2905000000                 -0.7004055933
   3.2920000000                 -0.6866478650
   3.2935000000                 -0.6732499341
   3.2950000000                 -0.6601932522
   3.2965000000                 -0.6474606720
   3.2980000000                 -0.6350363104
   3.2995000000                 -0.6229054305
   3.3010000000                 -0.6110543405
   3.3025000000                 -0.5994703164
   3.3040000000                 -0.5881415972
   3.3055000000                 -0.5770591167
   3.3070000000                 -0.5662041927
   3.3085000000                 -0.5555751613
   3.3100000000                 -0.5451609760
   3.3115000000                 -0.5349528416
   3.3130000000                 -0.5249426029
   3.3145000000                 -0.5151226121
   3.3160000000                 -0.5054856802
   3.3175000000                 -0.4960250577
   3.3190000000                 -0.4867344903
   3.3205000000                 -0.4776125769
   3.3220000000                 -0.4686372847
   3.3235000000                 -0.4598194909
   3.3250000000                 -0.4511494893
   3.3265000000                 -0.4426234791
   3.3280000000                 -0.4342314496
   3.3295000000                 -0.4259750200
   3.3310000000                 -0.4178455068
   3.3325000000                 -0.4098402266
   3.3340000000                 -0.4019572601
   3.3355000000                 -0.3941962658
   3.3370000000                 -0.3865469677
   3.3385000000                 -0.3790074791
   3.3400000000                 -0.3715765470
   3.3415000000                 -0.3642477960
   3.3430000000                 -0.3570208371
   3.3445000000                 -0.3498934576
   3.3460000000                 -0.3428607089
   3.3475000000                 -0.3359203198
   3.3490000000                 -0.3290713069
   3.3505000000                 -0.3223109518
   3.3520000000                 -0.3156371951
   3.3535000000                 -0.3090465035
   3.3550000000                 -0.3025360334
   3.3565000000                 -0.2961058796
   3.3580000000                 -0.2897536050
   3.3595000000                 -0.2834772294
   3.3610000000                 -0.2772749119
   3.3625000000                 -0.2711449489
   3.3640000000                 -0.2650860356
   3.3655000000                 -0.2590948239
   3.3670000000                 -0.2531697472
   3.3685000000                 -0.2473109551
   3.3700000000                 -0.2415165642
   3.3715000000                 -0.2357850632
   3.3730000000                 -0.2301150411
   3.3745000000                 -0.2245051490
   3.3760000000                 -0.2189540893
   3.3775000000                 -0.2134606148
   3.3790000000                 -0.2080235346
   3.3805000000                 -0.2026417428
   3.3820000000                 -0.1973144073
   3.3835000000                 -0.1920395733
   3.3850000000                 -0.1868146654
   3.3865000000                 -0.1816413060
   3.3880000000                 -0.1765179159
   3.3895000000                 -0.1714434170
   3.3910000000                 -0.1664168266
   3.3925000000                 -0.1614372089
   3.3940000000                 -0.1565036626
   3.3955000000                 -0.1516153147
   3.3970000000                 -0.1467713183
   3.3985000000                 -0.1419708510
   3.4000000000                 -0.1372131134
   3.4015000000                 -0.1324973293
   3.4030000000                 -0.1278227456
   3.4045000000                 -0.1231886337
   3.4060000000                 -0.1185942938
   3.4075000000                 -0.1140390687
   3.4090000000                 -0.1095224017
   3.4105000000                 -0.1050445243
   3.4120000000                 -0.1006006645
   3.4135000000                 -0.0961936533
   3.4150000000                 -0.0918227995
   3.4165000000                 -0.0874872674
   3.4180000000                 -0.0831864108
   3.4195000000                 -0.0789196364
   3.4210000000                 -0.0746863789
   3.4225000000                 -0.0704860923
   3.4240000000                 -0.0663182476
   3.4255000000                 -0.0621823301
   3.4270000000                 -0.0580778392
   3.4285000000                 -0.0540042871
   3.4300000000                 -0.0499611981
   3.4315000000                 -0.0459481086
   3.4330000000                 -0.0419645656
   3.4345000000                 -0.0380101265
   3.4360000000                 -0.0340843583
   3.4375000000                 -0.0301868376
   3.4390000000                 -0.0263171507
   3.4405000000                 -0.0224748943
   3.4420000000                 -0.0186596774
   3.4435000000                 -0.0148711256
   3.4450000000                 -0.0111088907
   3.4465000000                 -0.0073726789
   3.4480000000                 -0.0036623844
   3.4495000000                 -0.0000590153
   3.4510000000                 -0.0075211727
   3.4525000000                 -0.0152386142
   3.4540000000                 -0.0232222832
   3.4555000000                 -0.0314877974
   3.4570000000                 -0.0400561493
   3.4585000000                 -0.0489507535
   3.4600000000                 -0.0581961235
   3.4615000000                 -0.0678200039
   3.4630000000                 -0.0778536430
   3.4645000000                 -0.0883323539
   3.4660000000                 -0.0992962337
   3.4675000000                 -0.1107910603
   3.4690000000                 -0.1228694157
   3.4705000000                 -0.1355921024
   3.4720000000                 -0.1490299499
   3.4735000000                 -0.1632661472
   3.4750000000                 -0.1783992958
   3.4765000000                 -0.1945474663
   3.4780000000                 -0.2118536832
   3.4795000000                 -0.2304934808
   3.4810000000                 -0.2506855286
   3.4825000000                 -0.2727068392
   3.4840000000                 -0.2969130290
   3.4855000000                 -0.3237995445
   3.4870000000                 -0.3540030998
   3.4885000000                 -0.3884484706
   3.4900000000                 -0.4285118916
   3.4915000000                 -0.4763686391
   3.4930000000                 -0.5357671392
   3.4945000000                 -0.6140451085
   3.4960000000                 -0.7289792487
   3.4975000000                 -0.9488783781
   3.4990000000                 -1.1697589369
   3.5005000000                 -0.7978050756
   3.5020000000                 -0.6542213939
   3.5035000000                 -0.5634132242
   3.5050000000                 -0.4968065159
   3.5065000000                 -0.4441528558
   3.5080000000                 -0.4005847379
   3.5095000000                 -0.3634134822
   3.5110000000                 -0.3309885526
   3.5125000000                 -0.3022264029
   3.5140000000                 -0.2763777957
   3.5155000000                 -0.2528959104
   3.5170000000                 -0.2313839197
   3.5185000000                 -0.2115321438
   3.5200000000                 -0.1930993782
   3.5215000000                 -0.1758934936
   3.5230000000                 -0.1597589397
   3.5245000000                 -0.1445680178
   3.5260000000                 -0.1302146491
   3.5275000000                 -0.1166100535
   3.5290000000                 -0.1036768164
   3.5305000000                 -0.0913502952
   3.5320000000                 -0.0795762960
   3.5335000000                 -0.0683059460
   3.5350000000                 -0.0574968057
   3.5365000000                 -0.0471116186
   3.5380000000                 -0.0371174792
   3.5395000000                 -0.0274851769
   3.5410000000                 -0.0181886684
   3.5425000000                 -0.0092046787
   3.5440000000                 -0.0005141234
   3.5455000000                 -0.0172663908
   3.5470000000                 -0.0389703151
   3.5485000000                 -0.0655847983
   3.5500000000                 -0.0998869840
   3.5515000000                 -0.1479790825
   3.5530000000                 -0.2284278212
   3.5545000000                 -0.5346120649
   3.5560000000                 -0.2505478908
   3.5575000000                 -0.1568744262
   3.5590000000                 -0.1034364417
   3.5605000000                 -0.0657492315
   3.5620000000                 -0.0365360645
   3.5635000000                 -0.0126221898
   3.5650000000                 -0.0183600662
   3.5665000000                 -0.1603588213
   3.5680000000                 -0.0290359126
   3.5695000000                 -0.0179381673
   3.5710000000                  0.0431479769
   3.5725000000                  0.0487386866
   3.5740000000                  0.0704449041
   3.5755000000                  0.0881450025
   3.5770000000                  0.0958598698
   3.5785000000                  0.0963852424
   3.5800000000                  0.1053686307
   3.5815000000                  0.1057935059
   3.5830000000                 -0.1790876663
   3.5845000000                  0.1028322564
   3.5860000000                  0.1179785599
   3.5875000000                  0.1356591058
   3.5890000000                  0.1410387493
   3.5905000000                  0.1487413777
   3.5920000000                  0.1609528849
   3.5935000000                  0.1732960064
   3.5950000000                  0.1742907776
   3.5965000000                  0.1784151454
   3.5980000000                  0.1750220275
   3.5995000000                  0.1787439217
   3.6010000000                  0.1818235995
   3.6025000000                  0.1873604334
   3.6040000000                  0.1875459749
   3.6055000000                 -0.1267387116
   3.6070000000                  0.1394646243
   3.6085000000                  0.1838488464
   3.6100000000                  0.1954483797
   3.6115000000                  0.1979612838
   3.6130000000                  0.1997619134
   3.6145000000                  0.1879458805
   3.6160000000                  0.2059719126
   3.6175000000                  0.2159390682
   3.6190000000                  0.2161082893
   3.6205000000                  0.2133240648
   3.6220000000                  0.2126749116
   3.6235000000                  0.2116238756
   3.6250000000                  0.2065432444
   3.6265000000                  0.1167577789
   3.6280000000                 -0.2637644985
   3.6295000000                 -0.0497812144
   3.6310000000                 -0.0935727690
   3.6325000000                 -0.0303703084
   3.6340000000                 -0.0062771701
   3.6355000000                  0.1813651569
   3.6370000000                  0.2032329102
   3.6385000000                  0.2042098704
   3.6400000000                  0.2322241079
   3.6415000000                  0.2315734269
   3.6430000000                  0.2395368595
   3.6445000000                  0.2503651731
   3.6460000000                  0.2457623983
   3.6475000000                  0.2089434081
   3.6490000000                  0.2306966962
   3.6505000000                  0.2592196107
   3.6520000000                  0.2628257158
   3.6535000000                  0.2672359883
   3.6550000000                  0.2731014627
   3.6565000000                  0.2776734408
   3.6580000000                  0.2817487530
   3.6595000000                  0.2784756886
   3.6610000000                  0.2855936595
   3.6625000000                 -0.0798179702
   3.6640000000                  0.2752288163
   3.6655000000                  0.2686384029
   3.6670000000                  0.2909136844
   3.6685000000                  0.2894339213
   3.6700000000                  0.3070097437
   3.6715000000                  0.3107717119
   3.6730000000                 -0.0328370088
   3.6745000000                  0.3170296968
   3.6760000000                  0.3249973801
   3.6775000000                  0.3300581640
   3.6790000000                  0.3415032159
   3.6805000000                  0.3440719034
   3.6820000000                  0.3416283339
   3.6835000000                  0.3457495356
   3.6850000000                  0.3470695592
   3.6865000000                  0.3508454004
   3.6880000000                  0.3389428049
   3.6895000000                  0.3462203926
   3.6910000000                  0.3492179810
   3.6925000000                  0.3516724026
   3.6940000000                  0.3505770161
   3.6955000000                  0.3535606689
   3.6970000000                  0.3559208449
   3.6985000000                  0.3589075034
   3.7000000000                  0.3548380600
   3.7015000000                  0.3293329379
   3.7030000000                  0.2881924204
   3.7045000000                  0.3392542558
   3.7060000000                  0.3528381108
   3.7075000000                  0.3539179219
   3.7090000000                  0.3560817910
   3.7105000000                  0.3541289235
   3.7120000000                  0.3613030851
   3.7135000000                  0.3601822781
   3.7150000000                  0.3694002782
   3.7165000000                  0.3652731556
   3.7180000000                  0.3528079609
   3.7195000000                  0.3680948451
   3.7210000000                  0.3641908298
   3.7225000000                  0.3738199593
   3.7240000000                  0.3679057959
   3.7255000000                  0.3783485395
   3.7270000000                  0.3814015535
   3.7285000000                  0.3844906321
   3.7300000000                  0.3739940847
   3.7315000000                  0.3803203402
   3.7330000000                  0.3795641961
   3.7345000000                  0.3784803191
   3.7360000000                  0.3703398812
   3.7375000000                  0.3422926912
   3.7390000000                 -0.5768672139
   3.7405000000                 -0.0509323303
   3.7420000000                 -0.1560429316
   3.7435000000                  0.0705956951
   3.7450000000                  0.2552642943
   3.7465000000                  0.3225837491
   3.7480000000                  0.3461708562
   3.7495000000                  0.3531213415
   3.7510000000                  0.3553408249
   3.7525000000                  0.3696733400
   3.7540000000                  0.3766695416
   3.7555000000                  0.3801677967
   3.7570000000                  0.3866480242
   3.7585000000                  0.3898433161
   3.7600000000                  0.3912074115
   3.7615000000                  0.3614978913
   3.7630000000                  0.3875377945
   3.7645000000                  0.3889453874
   3.7660000000                  0.3988832408
   3.7675000000                  0.3988323399
   3.7690000000                  0.4079597070
   3.7705000000                  0.4099425915
   3.7720000000                  0.4010027172
   3.7735000000                  0.3965119290
   3.7750000000                  0.3204620471
   3.7765000000                  0.3863637913
   3.7780000000                  0.3873135882
   3.7795000000                  0.4073999657
   3.7810000000                  0.4122109841
   3.7825000000                  0.4124491786
   3.7840000000                  0.4193556758
   3.7855000000                  0.4141879630
   3.7870000000                  0.4078063201
   3.7885000000                  0.4224505932
   3.7900000000                  0.4253961349
   3.7915000000                  0.4331459789
   3.7930000000                  0.4346693294
   3.7945000000                  0.4272042139
   3.7960000000                  0.4373791793
   3.7975000000                  0.4376001213
   3.7990000000                  0.4369805959
   3.8005000000                  0.4253218133
   3.8020000000                  0.4177533459
   3.8035000000                  0.4186959831
   3.8050000000                  0.4342269801
   3.8065000000                  0.4368478236
   3.8080000000                  0.4351342701
   3.8095000000                  0.4307164896
   3.8110000000                  0.4385081633
   3.8125000000                  0.4374209534
   3.8140000000                  0.4404946531
   3.8155000000                  0.4352776696
   3.8170000000                  0.4346216981
   3.8185000000                  0.4247603365
   3.8200000000                  0.4343662856
   3.8215000000                  0.4246281913
   3.8230000000                  0.4218817532
   3.8245000000                  0.4114478157
   3.8260000000                  0.3871422008
   3.8275000000                  0.3483016355
   3.8290000000                 -0.1713264759
   3.8305000000                 -0.4915442955
   3.8320000000                 -1.3285550931
   3.8335000000                 -0.5048025031
   3.8350000000                 -0.3096262423
   3.8365000000                 -0.1977803157
   3.8380000000                 -0.1202214322
   3.8395000000                 -0.0612513783
   3.8410000000                 -0.0138553711
   3.8425000000                 -0.0655032318
   3.8440000000                 -0.2803399879
   3.8455000000                 -0.1977866948
   3.8470000000                 -0.0374920336
   3.8485000000                 -0.1262953012
   3.8500000000                  0.0062308673
   3.8515000000                 -0.0055556517
   3.8530000000                  0.1444346894
   3.8545000000                  0.1584341740
   3.8560000000                 -0.0341350551
   3.8575000000                  0.3134461596
   3.8590000000                  0.3695253060
   3.8605000000                  0.3796098852
   3.8620000000                  0.3967311002
   3.8635000000                  0.4050143397
   3.8650000000                  0.4126212375
   3.8665000000                  0.4272444388
   3.8680000000                  0.4433956403
   3.8695000000                  0.4330379976
   3.8710000000                  0.4215167922
   3.8725000000                  0.4377293999
   3.8740000000                  0.4555403060
   3.8755000000                  0.4563607889
   3.8770000000                  0.4713202928
   3.8785000000                  0.4771371169
   3.8800000000                  0.4635664502
   3.8815000000                  0.4750740579
   3.8830000000                  0.4864220617
   3.8845000000                  0.4757937559
   3.8860000000                  0.4561724972
   3.8875000000                  0.3905827607
   3.8890000000                  0.4824709848
   3.8905000000                  0.4861479513
   3.8920000000                  0.4945136646
   3.8935000000                  0.4962391845
   3.8950000000                  0.5037347607
   3.8965000000                  0.5056455198
   3.8980000000                  0.5076366834
   3.8995000000                 -0.0194694367
   3.9010000000                  0.4942040369
   3.9025000000                  0.5066389595
   3.9040000000                  0.5028243709
   3.9055000000                  0.4491836398
   3.9070000000                  0.4117531429
   3.9085000000                  0.4824322844
   3.9100000000                  0.4916395395
   3.9115000000                  0.5012431037
   3.9130000000                  0.4944795794
   3.9145000000                  0.5127262195
   3.9160000000                  0.5211663473
   3.9175000000                  0.5250933702
   3.9190000000                  0.5280067155
   3.9205000000                  0.5304500753
   3.9220000000                  0.5258560255
   3.9235000000                  0.5288425059
   3.9250000000                  0.5381759571
   3.9265000000                  0.5364778552
   3.9280000000                  0.5452247616
   3.9295000000                  0.5514765753
   3.9310000000                  0.5466714447
   3.9325000000                  0.5489732013
   3.9340000000                  0.5584857273
   3.9355000000                  0.5565365875
   3.9370000000                  0.5554771629
   3.9385000000                  0.5452551162
   3.9400000000                  0.5547980266
   3.9415000000                  0.5584338668
   3.9430000000                  0.5648817548
   3.9445000000                  0.5620995081
   3.9460000000                  0.5672908396
   3.9475000000                  0.5749930510
   3.9490000000                  0.5772839713
   3.9505000000                  0.5772218295
   3.9520000000                  0.5731234779
   3.9535000000                  0.5794377424
   3.9550000000                  0.5794876025
   3.9565000000                  0.5827078839
   3.9580000000                  0.5804072883
   3.9595000000                  0.5693337522
   3.9610000000                 -0.1138980137
   3.9625000000                  0.5409548818
   3.9640000000                  0.5666759427
   3.9655000000                  0.5775705707
   3.9670000000                  0.5803971409
   3.9685000000                  0.5903354041
   3.9700000000                  0.5899899722
   3.9715000000                  0.5908556494
   3.9730000000                  0.6042525056
   3.9745000000                  0.6062021680
   3.9760000000                  0.6069861632
   3.9775000000                  0.6097034594
   3.9790000000                  0.6112737811
   3.9805000000                  0.6171669044
   3.9820000000                  0.6223763683
   3.9835000000                  0.6267676146
   3.9850000000                  0.6262086300
   3.9865000000                  0.6334532065
   3.9880000000                  0.6358456924
   3.9895000000                  0.6410005755
   3.9910000000                  0.6366131611
   3.9925000000                  0.6454271939
   3.9940000000                  0.6534140885
   3.9955000000                  0.6585487429
   3.9970000000                  0.6651133479
   3.9985000000                  0.6736088563
   4.0000000000                  0.6931466901
